function site = SAbo14(Vs30,pga_rock_g,T)
  % Computes the site amplification correction term.  Code is vectorized.
  % 
  % Reference:
  % Boore, Stewart, Seyhan, & Atkinson, (2014). NGA-West2 equations for predicting PGA, PGV, and 5% damped PSA for shallow crustal earthquakes. Earthquake Spectra, 30(3), 1057-1085, doi: 10.1193/070113EQS184M.
  % 
  % Written by Benjamin Edwards, modified slightly by Ryan Schultz.
  
  % Table of values.
  c=[       -1 -8.400000E-01 1.300000E+03 7.600000E+02 0.000000E+00 1.000000E-01 -1.000000E-01 -8.440000E-03;...
             0 -6.000000E-01 1.500000E+03 7.600000E+02 0.000000E+00 1.000000E-01 -1.500000E-01 -7.010000E-03;...
  1.000000E-02 -6.037200E-01 1.500200E+03 7.600000E+02 0.000000E+00 1.000000E-01 -1.483300E-01 -7.010000E-03;...
  2.000000E-02 -5.738800E-01 1.500360E+03 7.600000E+02 0.000000E+00 1.000000E-01 -1.471000E-01 -7.280000E-03;...
  2.200000E-02 -5.667500E-01 1.500680E+03 7.600000E+02 0.000000E+00 1.000000E-01 -1.480100E-01 -7.320000E-03;...
  2.500000E-02 -5.552000E-01 1.501040E+03 7.600000E+02 0.000000E+00 1.000000E-01 -1.501500E-01 -7.360000E-03;...
  2.900000E-02 -5.385000E-01 1.501260E+03 7.600000E+02 0.000000E+00 1.000000E-01 -1.538700E-01 -7.370000E-03;...
  3.000000E-02 -5.341400E-01 1.502950E+03 7.600000E+02 0.000000E+00 1.000000E-01 -1.548500E-01 -7.350000E-03;...
  3.200000E-02 -5.252900E-01 1.503120E+03 7.600000E+02 0.000000E+00 1.000000E-01 -1.568500E-01 -7.310000E-03;...
  3.500000E-02 -5.119200E-01 1.503240E+03 7.600000E+02 0.000000E+00 1.000000E-01 -1.601600E-01 -7.210000E-03;...
  3.600000E-02 -5.075200E-01 1.503320E+03 7.600000E+02 0.000000E+00 1.000000E-01 -1.614200E-01 -7.170000E-03;...
  4.000000E-02 -4.906500E-01 1.503350E+03 7.600000E+02 0.000000E+00 1.000000E-01 -1.677700E-01 -6.980000E-03;...
  4.200000E-02 -4.829000E-01 1.503340E+03 7.600000E+02 0.000000E+00 1.000000E-01 -1.719300E-01 -6.870000E-03;...
  4.400000E-02 -4.757200E-01 1.503130E+03 7.600000E+02 0.000000E+00 1.000000E-01 -1.766400E-01 -6.770000E-03;...
  4.500000E-02 -4.723600E-01 1.502840E+03 7.600000E+02 0.000000E+00 1.000000E-01 -1.791400E-01 -6.720000E-03;...
  4.600000E-02 -4.691500E-01 1.502470E+03 7.600000E+02 0.000000E+00 1.000000E-01 -1.817000E-01 -6.670000E-03;...
  4.800000E-02 -4.632100E-01 1.502010E+03 7.600000E+02 0.000000E+00 1.000000E-01 -1.868800E-01 -6.560000E-03;...
  5.000000E-02 -4.579500E-01 1.501420E+03 7.600000E+02 0.000000E+00 1.000000E-01 -1.920000E-01 -6.470000E-03;...
  5.500000E-02 -4.478700E-01 1.500710E+03 7.600000E+02 0.000000E+00 1.000000E-01 -2.036900E-01 -6.250000E-03;...
  6.000000E-02 -4.418600E-01 1.499830E+03 7.600000E+02 0.000000E+00 1.000000E-01 -2.137400E-01 -6.070000E-03;...
  6.500000E-02 -4.395100E-01 1.498740E+03 7.600000E+02 0.000000E+00 1.000000E-01 -2.222500E-01 -5.930000E-03;...
  6.700000E-02 -4.395000E-01 1.497420E+03 7.600000E+02 0.000000E+00 1.000000E-01 -2.252400E-01 -5.880000E-03;...
  7.000000E-02 -4.404000E-01 1.495850E+03 7.600000E+02 0.000000E+00 1.000000E-01 -2.293100E-01 -5.820000E-03;...
  7.500000E-02 -4.441100E-01 1.494000E+03 7.600000E+02 0.000000E+00 1.000000E-01 -2.350000E-01 -5.730000E-03;...
  8.000000E-02 -4.502000E-01 1.491820E+03 7.600000E+02 0.000000E+00 1.000000E-01 -2.394400E-01 -5.670000E-03;...
  8.500000E-02 -4.581300E-01 1.489290E+03 7.600000E+02 0.000000E+00 1.000000E-01 -2.428500E-01 -5.630000E-03;...
  9.000000E-02 -4.673200E-01 1.486360E+03 7.600000E+02 0.000000E+00 1.000000E-01 -2.454400E-01 -5.610000E-03;...
  9.500000E-02 -4.772100E-01 1.482980E+03 7.600000E+02 0.000000E+00 1.000000E-01 -2.474700E-01 -5.600000E-03;...
  1.000000E-01 -4.872400E-01 1.479120E+03 7.600000E+02 0.000000E+00 1.000000E-01 -2.491600E-01 -5.600000E-03;...
  1.100000E-01 -5.063200E-01 1.474740E+03 7.600000E+02 0.000000E+00 1.000000E-01 -2.521300E-01 -5.620000E-03;...
  1.200000E-01 -5.243800E-01 1.469750E+03 7.600000E+02 0.000000E+00 1.000000E-01 -2.545500E-01 -5.670000E-03;...
  1.300000E-01 -5.421400E-01 1.464090E+03 7.600000E+02 0.000000E+00 1.000000E-01 -2.562800E-01 -5.720000E-03;...
  1.330000E-01 -5.475200E-01 1.457760E+03 7.600000E+02 0.000000E+00 1.000000E-01 -2.566500E-01 -5.740000E-03;...
  1.400000E-01 -5.603200E-01 1.450710E+03 7.600000E+02 0.000000E+00 1.000000E-01 -2.571900E-01 -5.780000E-03;...
  1.500000E-01 -5.796200E-01 1.442850E+03 7.600000E+02 0.000000E+00 1.000000E-01 -2.571300E-01 -5.850000E-03;...
  1.600000E-01 -6.005200E-01 1.434220E+03 7.600000E+02 0.000000E+00 1.000000E-01 -2.560400E-01 -5.910000E-03;...
  1.700000E-01 -6.225200E-01 1.424850E+03 7.600000E+02 0.000000E+00 1.000000E-01 -2.541400E-01 -5.970000E-03;...
  1.800000E-01 -6.448600E-01 1.414770E+03 7.600000E+02 0.000000E+00 1.000000E-01 -2.517300E-01 -6.020000E-03;...
  1.900000E-01 -6.668100E-01 1.403990E+03 7.600000E+02 0.000000E+00 1.000000E-01 -2.491100E-01 -6.080000E-03;...
  2.000000E-01 -6.876200E-01 1.392610E+03 7.600000E+02 0.000000E+00 1.000000E-01 -2.465800E-01 -6.140000E-03;...
  2.200000E-01 -7.243100E-01 1.380720E+03 7.600000E+02 0.000000E+00 1.000000E-01 -2.423500E-01 -6.260000E-03;...
  2.400000E-01 -7.564600E-01 1.368510E+03 7.600000E+02 0.000000E+00 1.000000E-01 -2.382300E-01 -6.380000E-03;...
  2.500000E-01 -7.717700E-01 1.356210E+03 7.600000E+02 0.000000E+00 1.000000E-01 -2.357400E-01 -6.440000E-03;...
  2.600000E-01 -7.869700E-01 1.343890E+03 7.600000E+02 0.000000E+00 1.000000E-01 -2.328000E-01 -6.500000E-03;...
  2.800000E-01 -8.161300E-01 1.331670E+03 7.600000E+02 0.000000E+00 1.000000E-01 -2.260100E-01 -6.600000E-03;...
  2.900000E-01 -8.295000E-01 1.319830E+03 7.600000E+02 0.000000E+00 1.000000E-01 -2.225000E-01 -6.650000E-03;...
  3.000000E-01 -8.416500E-01 1.308470E+03 7.600000E+02 0.000000E+00 1.000000E-01 -2.191200E-01 -6.700000E-03;...
  3.200000E-01 -8.617500E-01 1.297650E+03 7.600000E+02 0.000000E+00 1.000000E-01 -2.131800E-01 -6.800000E-03;...
  3.400000E-01 -8.772600E-01 1.287500E+03 7.600000E+02 0.000000E+00 1.000000E-01 -2.081600E-01 -6.890000E-03;...
  3.500000E-01 -8.837500E-01 1.278060E+03 7.600000E+02 0.000000E+00 1.000000E-01 -2.059200E-01 -6.930000E-03;...
  3.600000E-01 -8.896500E-01 1.269190E+03 7.600000E+02 0.000000E+00 1.000000E-01 -2.037900E-01 -6.970000E-03;...
  3.800000E-01 -9.003800E-01 1.260740E+03 7.600000E+02 0.000000E+00 1.000000E-01 -1.997800E-01 -7.050000E-03;...
  4.000000E-01 -9.109200E-01 1.252660E+03 7.600000E+02 0.000000E+00 1.000000E-01 -1.958200E-01 -7.130000E-03;...
  4.200000E-01 -9.224100E-01 1.244800E+03 7.600000E+02 0.000000E+00 1.000000E-01 -1.917100E-01 -7.190000E-03;...
  4.400000E-01 -9.345900E-01 1.237030E+03 7.600000E+02 0.000000E+00 1.000000E-01 -1.874700E-01 -7.260000E-03;...
  4.500000E-01 -9.407500E-01 1.229230E+03 7.600000E+02 0.000000E+00 1.000000E-01 -1.853400E-01 -7.290000E-03;...
  4.600000E-01 -9.468600E-01 1.221160E+03 7.600000E+02 0.000000E+00 1.000000E-01 -1.832100E-01 -7.320000E-03;...
  4.800000E-01 -9.586300E-01 1.212740E+03 7.600000E+02 0.000000E+00 1.000000E-01 -1.790200E-01 -7.380000E-03;...
  5.000000E-01 -9.693000E-01 1.203910E+03 7.600000E+02 0.000000E+00 1.000000E-01 -1.750000E-01 -7.440000E-03;...
  5.500000E-01 -9.892500E-01 1.194590E+03 7.600000E+02 0.000000E+00 1.000000E-01 -1.660100E-01 -7.580000E-03;...
  6.000000E-01 -1.001200E+00 1.184930E+03 7.600000E+02 0.000000E+00 1.000000E-01 -1.583000E-01 -7.730000E-03;...
  6.500000E-01 -1.007800E+00 1.175190E+03 7.600000E+02 0.000000E+00 1.000000E-01 -1.514400E-01 -7.870000E-03;...
  6.670000E-01 -1.009300E+00 1.165690E+03 7.600000E+02 0.000000E+00 1.000000E-01 -1.492300E-01 -7.920000E-03;...
  7.000000E-01 -1.011700E+00 1.156460E+03 7.600000E+02 0.000000E+00 1.000000E-01 -1.450300E-01 -8.000000E-03;...
  7.500000E-01 -1.015400E+00 1.147590E+03 7.600000E+02 0.000000E+00 1.000000E-01 -1.386600E-01 -8.120000E-03;...
  8.000000E-01 -1.021000E+00 1.139210E+03 7.600000E+02 0.000000E+00 1.000000E-01 -1.320100E-01 -8.220000E-03;...
